Box Size	Log Box	-5	-4.5	-4	-3.5	-3	-2.5	-2	-1.5	-1	-0.5	0	0.5	1	1.5	2	2.5	3	3.5	4	4.5	5
2	0.30103	0.715682	0.894602	1.07352	1.25244	1.43136	1.61028	1.7892	1.96813	2.14705	2.32597	2.50489	2.68381	2.86273	3.04165	3.22057	3.39949	3.57841	3.75733	3.93625	4.11517	4.29409
4	0.60206	-1.43136	-1.07352	-0.715682	-0.357841	-4.08634e-15	0.357841	0.715682	1.07352	1.43136	1.7892	2.14705	2.50489	2.86273	3.22057	3.57841	3.93625	4.29409	4.65193	5.00977	5.36761	5.72546
8	0.90309	-3.57841	-3.04165	-2.50489	-1.96813	-1.43136	-0.894602	-0.357841	0.17892	0.715682	1.25244	1.7892	2.32597	2.86273	3.39949	3.93625	4.47301	5.00977	5.54653	6.0833	6.62006	7.15682
16	1.20412	-5.72546	-5.00977	-4.29409	-3.57841	-2.86273	-2.14705	-1.43136	-0.715682	7.23246e-16	0.715682	1.43136	2.14705	2.86273	3.57841	4.29409	5.00977	5.72546	6.44114	7.15682	7.8725	8.58818
32	1.50515	-7.8725	-6.9779	-6.0833	-5.18869	-4.29409	-3.39949	-2.50489	-1.61028	-0.715682	0.17892	1.07352	1.96813	2.86273	3.75733	4.65193	5.54653	6.44114	7.33574	8.23034	9.12494	10.0195
64	1.80618	-10.0195	-8.94602	-7.8725	-6.79898	-5.72546	-4.65193	-3.57841	-2.50489	-1.43136	-0.357841	0.715682	1.7892	2.86273	3.93625	5.00977	6.0833	7.15682	8.23034	9.30386	10.3774	11.4509
128	2.10721	-12.1666	-10.9141	-9.66171	-8.40926	-7.15682	-5.90438	-4.65193	-3.39949	-2.14705	-0.894602	0.357841	1.61028	2.86273	4.11517	5.36761	6.62006	7.8725	9.12494	10.3774	11.6298	12.8823
256	2.40824	-14.3136	-12.8823	-11.4509	-10.0195	-8.58818	-7.15682	-5.72546	-4.29409	-2.86273	-1.43136	0	1.43136	2.86273	4.29409	5.72546	7.15682	8.58818	10.0195	11.4509	12.8823	14.3136
